1 可可 11 6 4 19 0419212507 (未完成)
2 可可 11 6 4 19 0419212846 (未完成)
3 奶茶 8 4 4 20 0420185427 (未完成)
4 奶茶 8 4 4 20 0420191335 (未完成)
5 果茶 9 3 4 20 0420191831 (未完成)
6 奶茶 10 4 4 20 0420191831 (未完成)
7 奶茶 10 4 4 20 0420192947 (未完成)
8 牛奶 12 3 4 20 0420192947 (未完成)
9 奶茶 9 4 4 20 0420194054 (未完成)
10 奶茶 10 4 4 20 0420194054 (未完成)
11 奶茶 10 4 4 20 0420194749 (未完成)
12 奶茶 10 4 4 20 0420194749 (未完成)
13 酸奶 12 5 4 20 0420194858 (未完成)
14 奶茶 10 4 4 20 0420194858 (未完成)
15 酸奶 10 5 4 20 0420195042 (完成)
16 可可 11 6 4 20 0420195042 (完成)
17 果茶 9 3 4 20 0420201554 (未完成)
18 奶茶 10 4 4 20 0420201554 (未完成)
19 益菌多 10 5 4 20 0420201629 (完成)
20 酸奶 9 5 4 20 0420201629 (完成)
21 果茶 7 3 4 20 0420202348 (完成)
22 果茶 9 3 4 20 0420202429 (未完成)
17 奶茶 8 4 4 20 0420202456 (完成)
18 酸奶 11 5 4 20 0420203535 (未完成)
19 果茶 11 3 4 20 0420203535 (未完成)
20 可可 11 6 4 20 0420203602 (完成)
21 果茶 9 3 4 20 0420203602 (完成)
22 奶茶 8 4 4 21 0421221543 (未完成)
23 奶茶 8 4 4 21 0421221543 (未完成)
24 可可 11 6 4 21 0421221616 (完成)
25 牛奶 11 3 4 21 0421221616 (完成)
26 益菌多 11 5 4 21 0421221845 (未完成)
27 奶绿 9 3 4 21 0421221845 (未完成)
28 益菌多 9 5 4 21 0421221902 (完成)
29 奶绿 9 3 4 21 0421221902 (完成)
30 奶茶 8 4 4 22 0422142947 (完成)
31 奶茶 10 4 4 22 0422142947 (完成)
32 奶茶 10 4 4 22 0422144005 (完成)
33 奶绿 9 3 4 22 0422144005 (完成)
34 可可 11 6 4 22 0422145459 (完成)
35 牛奶 10 3 4 22 0422145908 (完成)
36 益菌多 11 5 4 22 0422150902 (完成)
37 奶茶 8 4 4 22 0422152136 (完成)
38 椰奶 10 4 4 22 0422161253 (完成)
39 可可 11 6 4 22 0422161812 (完成)
40 酸奶 9 5 4 22 0422162016 (完成)
41 奶茶 8 4 4 23 0423200738 (完成)
42 牛奶 10 3 4 23 0423205822 (完成)
43 奶茶 8 4 4 23 0423211248 (完成)
44 果茶 7 3 4 23 0423211912 (完成)
45 果茶 7 3 4 23 0423212107 (完成)
46 果茶 7 3 4 23 0423212256 (完成)
47 果茶 7 3 4 23 0423212624 (完成)
48 果茶 7 3 4 23 0423212723 (完成)
49 果茶 7 3 4 23 0423213358 (完成)
50 果茶 7 3 4 23 0423213506 (完成)
51 果茶 7 3 4 23 0423213551 (完成)
52 果茶 7 3 4 23 0423214209 (完成)
53 奶茶 8 4 4 23 0423214537 (完成)
54 果茶 7 3 4 23 0423214908 (完成)
55 果茶 7 3 4 23 0423215017 (完成)
56 果茶 7 3 4 23 0423220238 (完成)
57 奶茶 10 4 4 23 0423221143 (完成)
58 果茶 7 3 4 23 0423221510 (完成)
59 奶绿 9 3 4 23 0423224043 (完成)
60 果茶 7 3 4 26 0426222508 (完成)
61 酸奶 9 5 4 29 0429154621 (完成)
62 奶茶 8 4 4 29 0429160501 (完成)
63 益菌多 12 5 4 29 0429160621 (未完成)
64 牛奶 10 3 4 29 0429160621 (未完成)
65 果茶 7 3 4 29 0429160721 (完成)
66 酸奶 10 5 4 29 0429160721 (完成)
67 果茶 9 3 4 29 0429195119 (完成)
68 果茶 9 3 4 29 0429195119 (完成)
69 果茶 9 3 4 29 0429195119 (完成)
70 奶茶 10 4 4 29 0429195119 (完成)
71 奶茶 10 4 4 29 0429195119 (完成)
72 奶茶 10 4 4 29 0429195119 (完成)
73 果茶 9 3 4 29 0429195119 (完成)
74 奶茶 10 4 4 29 0429195119 (完成)
75 奶茶 10 4 4 29 0429195119 (完成)
76 果茶 9 3 4 29 0429195153 (完成)
77 果茶 7 3 4 29 0429195931 (未完成)
78 果茶 7 3 4 29 0429195955 (完成)
79 果茶 6 3 4 30 0415233920 (已删除)
79 果茶 7 3 4 30 0429195955 (已删除)
80 果茶 7 3 5 4 0504190032 (完成)
81 奶茶 10 4 5 4 0504211750 (未完成)
82 奶茶 8 4 5 4 0504211750 (未完成)
83 牛奶 10 3 5 4 0504211750 (未完成)
84 椰奶 9 4 5 4 0504212137 (未完成)
85 果茶 6 3 5 4 0504212137 (未完成)
86 椰奶 9 4 5 4 0504212229 (完成)
87 奶茶 8 4 5 4 0504212229 (完成)
88 奶茶 8 4 5 4 0504212551 (完成)
89 奶绿 10 3 5 4 0504212624 (未完成)
90 酸奶 10 5 5 4 0504212624 (未完成)
91 果茶 7 3 5 4 0504212648 (完成)
92 酸奶 9 5 5 4 0504212648 (完成)
93 果茶 7 3 4 26 0504212648 (已删除)
93 奶茶 8 4 5 4 0504212551 (已删除)
94 酸奶 9 5 5 4 0504213624 (完成)
95 可可 11 6 5 5 0505205320 (完成)
96 奶茶 9 4 5 5 0505205320 (完成)
97 酸奶 10 5 5 5 0505205410 (未完成)
98 奶茶 9 4 5 5 0505205439 (完成)
99 奶茶 9 4 5 5 0505210452 (未完成)
100 可可 11 6 5 5 0505210452 (未完成)
101 椰奶 10 4 5 5 0505210452 (未完成)
102 奶茶 9 4 5 5 0505210523 (完成)
103 酸奶 9 5 5 5 0505210523 (完成)
104 牛奶 9 3 5 5 0505210523 (完成)
105 奶绿 9 3 5 6 0506094922 (完成)
106 牛奶 10 3 5 6 0506094922 (完成)
107 果茶 7 3 5 6 0506094922 (完成)
108 奶茶 9 4 5 6 0506094922 (完成)
109 益菌多 14 5 5 6 0506095310 (完成)
110 益菌多 13 5 5 6 0506095310 (完成)
111 酸奶 9 5 5 6 0506095310 (完成)
112 奶绿 11 3 5 6 0506095310 (完成)
113 果茶 9 3 5 6 0506095310 (完成)
114 果茶 9 3 5 6 0506095310 (完成)
115 酸奶 10 5 5 6 0506105322 (未完成)
116 酸奶 9 5 5 6 0506105439 (完成)
117 果茶 9 3 5 6 0506134437 (完成)
118 果茶 9 3 5 6 0506134535 (完成)
119 果茶 9 3 5 6 0506134549 (完成)
120 果茶 9 3 5 6 0506134549 (完成)
121 果茶 9 3 5 6 0506134635 (完成)
122 奶茶 8 4 5 6 0506143609 (未完成)
123 酸奶 9 5 5 6 0506143609 (未完成)
124 椰奶 10 4 5 6 0506143609 (未完成)
125 益菌多 11 5 5 6 0506143609 (未完成)
126 奶茶 8 4 5 6 0506144019 (完成)
127 椰奶 12 4 5 6 0506144019 (完成)
128 酸奶 7 5 5 6 0506144019 (完成)
129 益菌多 12 5 5 6 0506144019 (完成)
130 果茶 7 3 5 6 0506145247 (完成)
131 可可 11 6 5 6 0506150908 (完成)
132 果茶 9 3 5 6 0506151347 (完成)
133 果茶 5 3 5 6 0506152026 (完成)
