1 дл╡Х 9 4 4 15 0415233920
2 дл╡Х 8 3 4 18 0418151308
3 дл╡Х 7 3 4 18 0418151308
4 ╧Ш╡Х 6 3 4 18 0418164308
5 еёдл 10 4 4 18 0418164308
6 ╧Ш╡Х 7 3 4 18 0418204437
7 дл╡Х 8 4 4 18 0418204437
8 длбл 9 5 4 18 0418204437
9 ╧Ш╡Х 7 3 4 19 0419130221
10 дл╡Х 8 4 4 19 0419130221
11 ╧Ш╡Х 7 3 4 19 0419130457
12 ╧Ш╡Х 7 3 4 19 0419130457
13 ╧Ш╡Х 9 3 4 19 0419132046
14 ©и©и 14 4 4 19 0419132046
15 дл╡Х 6 4 4 19 0419222639
16 еёдл 8 3 4 19 0419224022
17 дл╡Х 4 4 4 20 0420191504
18 кАдл 10 5 4 20 0420195042
19 ©и©и 11 6 4 20 0420195042
20 рФ╬З╤Ю 10 5 4 20 0420201629
21 кАдл 9 5 4 20 0420201629
22 ╧Ш╡Х 7 3 4 20 0420202348
23 дл╡Х 8 4 4 20 0420202456
24 ©и©и 11 6 4 20 0420203602
25 ╧Ш╡Х 9 3 4 20 0420203602
26 ©и©и 11 6 4 21 0421221616
27 еёдл 11 3 4 21 0421221616
28 рФ╬З╤Ю 9 5 4 21 0421221902
29 длбл 9 3 4 21 0421221902
30 дл╡Х 8 4 4 22 0422142947
31 дл╡Х 10 4 4 22 0422142947
32 дл╡Х 10 4 4 22 0422144005
33 длбл 9 3 4 22 0422144005
34 ©и©и 11 6 4 22 0422145459
35 еёдл 10 3 4 22 0422145908
36 рФ╬З╤Ю 11 5 4 22 0422150902
37 дл╡Х 8 4 4 22 0422152136
38 р╛дл 10 4 4 22 0422161253
39 ©и©и 11 6 4 22 0422161812
40 кАдл 9 5 4 22 0422162019
41 дл╡Х 8 4 4 23 0423200738
42 еёдл 10 3 4 23 0423205822
43 дл╡Х 8 4 4 23 0423211248
44 ╧Ш╡Х 7 3 4 23 0423211912
45 ╧Ш╡Х 7 3 4 23 0423212107
46 ╧Ш╡Х 7 3 4 23 0423212256
47 ╧Ш╡Х 7 3 4 23 0423212624
48 ╧Ш╡Х 7 3 4 23 0423212723
49 ╧Ш╡Х 7 3 4 23 0423213358
50 ╧Ш╡Х 7 3 4 23 0423213506
51 ╧Ш╡Х 7 3 4 23 0423213551
52 ╧Ш╡Х 7 3 4 23 0423214209
53 дл╡Х 8 4 4 23 0423214537
54 ╧Ш╡Х 7 3 4 23 0423214908
55 ╧Ш╡Х 7 3 4 23 0423215017
56 ╧Ш╡Х 7 3 4 23 0423220238
57 дл╡Х 10 4 4 23 0423221143
58 ╧Ш╡Х 7 3 4 23 0423221510
59 длбл 9 3 4 23 0423224043
60 кАдл 9 5 4 29 0429154621
61 дл╡Х 8 4 4 29 0429160501
62 ╧Ш╡Х 7 3 4 29 0429160721
63 кАдл 10 5 4 29 0429160721
64 ╧Ш╡Х 9 3 4 29 0429195119
65 ╧Ш╡Х 9 3 4 29 0429195119
66 ╧Ш╡Х 9 3 4 29 0429195119
67 дл╡Х 10 4 4 29 0429195119
68 дл╡Х 10 4 4 29 0429195119
69 дл╡Х 10 4 4 29 0429195119
70 ╧Ш╡Х 9 3 4 29 0429195119
71 дл╡Х 10 4 4 29 0429195119
72 дл╡Х 10 4 4 29 0429195119
73 ╧Ш╡Х 9 3 4 29 0429195153
74 ╧Ш╡Х 7 3 5 4 0504190032
75 р╛дл 9 4 5 4 0504212231
76 дл╡Х 8 4 5 4 0504212231
77 кАдл 9 5 5 4 0504212648
78 кАдл 9 5 5 4 0504213624
79 ©и©и 11 6 5 5 0505205320
80 дл╡Х 9 4 5 5 0505205320
81 дл╡Х 9 4 5 5 0505205439
82 дл╡Х 9 4 5 5 0505210523
83 кАдл 9 5 5 5 0505210523
84 еёдл 9 3 5 5 0505210523
85 длбл 9 3 5 6 0506094922
86 еёдл 10 3 5 6 0506094922
87 ╧Ш╡Х 7 3 5 6 0506094922
88 дл╡Х 9 4 5 6 0506094922
89 рФ╬З╤Ю 14 5 5 6 0506095310
90 рФ╬З╤Ю 13 5 5 6 0506095310
91 кАдл 9 5 5 6 0506095310
92 длбл 11 3 5 6 0506095310
93 ╧Ш╡Х 9 3 5 6 0506095310
94 ╧Ш╡Х 9 3 5 6 0506095310
95 ╧Ш╡Х 9 3 5 6 0506134437
96 ╧Ш╡Х 9 3 5 6 0506134535
97 ╧Ш╡Х 9 3 5 6 0506134549
98 ╧Ш╡Х 9 3 5 6 0506134549
99 ╧Ш╡Х 9 3 5 6 0506134635
100 дл╡Х 8 4 5 6 0506144019
101 р╛дл 12 4 5 6 0506144019
102 кАдл 7 5 5 6 0506144019
103 рФ╬З╤Ю 12 5 5 6 0506144019
104 ╧Ш╡Х 7 3 5 6 0506145247
105 ©и©и 11 6 5 6 0506150908
106 ╧Ш╡Х 9 3 5 6 0506151347
107 ╧Ш╡Х 5 3 5 6 0506152026
